62.3407097118255
61.3569151211366
58.1796849119276
70.5599463489357
75.2846313849444
74.0864943312723
55.1227397041682
50.1063131122158
54.0609110209466
52.415742087858
54.5536079052359
53.9223844007038
54.2705331908681
58.5413850900043
53.6171238302515
50.3422133872975
50.5252678241318
48.1828758412167
48.0541588004096
49.0305480499647
44.9600463477377
45.6494704945267
46.1921561834742
48.359577425261
50.1146818955248
49.9214379832798
51.0053758804821
47.3949986576395
46.3564584845971
49.3823593602828
47.8929886511203
44.8701509187351
43.5989252411643
46.9951101925324
44.9110853709874
42.3658644949147
44.1139196142585
45.7421689891872
46.1837703442782
46.068869952439
47.1345083139229
50.00025193293
51.6331747496238
53.571944404218
53.2711076981754
52.2680509900802
53.558037613113
51.6280125848349
51.4095745710387
51.6437353827137
50.0583098370667
58.9168525579067
